./lab2a --iterations=10000 --threads=1 --sync=n
1	13
1	12
1	12
1	13
1	11
1	12
1	12
1	12
1	11
1	13
1	12
./lab2a --iterations=10000 --threads=2 --sync=n
2	15
2	13
2	15
2	15
2	13
2	16
2	15
2	15
2	14
2	14
2	14
./lab2a --iterations=10000 --threads=4 --sync=n
4	15
4	15
4	17
4	15
4	15
4	16
4	16
4	14
4	14
4	16
4	14
./lab2a --iterations=10000 --threads=6 --sync=n
6	14
6	17
6	16
6	14
6	16
6	16
6	13
6	14
6	15
6	16
6	13
./lab2a --iterations=10000 --threads=8 --sync=n
8	14
8	14
8	15
8	14
8	14
8	15
8	16
8	16
8	15
8	14
8	16
./lab2a --iterations=10000 --threads=10 --sync=n
10	14
10	14
10	14
10	15
10	14
10	15
10	15
10	15
10	14
10	14
10	15
./lab2a --iterations=10000 --threads=12 --sync=n
12	15
12	15
12	14
12	15
12	14
12	15
12	15
12	15
12	14
12	15
12	14
./lab2a --iterations=10000 --threads=14 --sync=n
14	15
14	14
14	15
14	15
14	15
14	15
14	15
14	15
14	15
14	14
14	15
./lab2a --iterations=10000 --threads=16 --sync=n
16	15
16	14
16	15
16	14
16	15
16	15
16	14
16	15
16	15
16	15
16	15
./lab2a --iterations=10000 --threads=18 --sync=n
18	15
18	15
18	15
18	15
18	15
18	15
18	15
18	15
18	15
18	16
18	15
./lab2a --iterations=10000 --threads=20 --sync=n
20	16
20	16
20	16
20	16
20	16
20	16
20	17
20	17
20	16
20	16
20	16
./lab2a --iterations=10000 --threads=22 --sync=n
1	13
1	12
1	14
1	20
1	13
1	20
1	12
1	14
1	14
1	16
1	14
./lab2a --iterations=10000 --threads=24 --sync=n
1	15
1	13
1	15
1	13
1	18
1	13
1	11
1	12
1	12
1	12
1	12
./lab2a --iterations=10000 --threads=26 --sync=n
1	11
1	12
1	12
1	11
1	12
1	13
1	15
1	14
1	14
1	14
1	13
./lab2a --iterations=10000 --threads=28 --sync=n
1	13
1	14
1	13
1	13
1	14
1	14
1	14
1	15
1	12
1	13
1	10
./lab2a --iterations=10000 --threads=30 --sync=n
1	10
1	16
1	13
1	15
1	14
1	11
1	10
1	11
1	11
1	12
1	11
./lab2a --iterations=10000 --threads=32 --sync=n
32	17
32	18
32	18
32	18
32	18
32	18
32	18
32	18
32	17
32	17
32	17



./lab2a --iterations=10000 --threads=1 --sync=m
1	34
1	34
1	34
1	34
1	34
1	34
1	34
1	34
1	34
1	35
1	37
./lab2a --iterations=10000 --threads=2 --sync=m
2	91
2	93
2	64
2	107
2	68
2	90
2	63
2	57
2	77
2	74
2	77
./lab2a --iterations=10000 --threads=4 --sync=m
4	172
4	176
4	196
4	197
4	181
4	174
4	190
4	198
4	149
4	143
4	186
./lab2a --iterations=10000 --threads=6 --sync=m
6	153
6	146
6	137
6	136
6	154
6	165
6	136
6	165
6	176
6	135
6	161
./lab2a --iterations=10000 --threads=8 --sync=m
8	123
8	122
8	124
8	120
8	123
8	132
8	128
8	116
8	118
8	134
8	123
./lab2a --iterations=10000 --threads=10 --sync=m
10	119
10	119
10	120
10	110
10	116
10	117
10	115
10	115
10	115
10	120
10	117
./lab2a --iterations=10000 --threads=12 --sync=m
12	118
12	111
12	117
12	111
12	116
12	114
12	112
12	117
12	112
12	113
12	114
./lab2a --iterations=10000 --threads=14 --sync=m
14	113
14	110
14	111
14	111
14	111
14	106
14	109
14	117
14	114
14	111
14	112
./lab2a --iterations=10000 --threads=16 --sync=m
16	110
16	109
16	110
16	108
16	110
16	108
16	110
16	112
16	111
16	111
16	110
./lab2a --iterations=10000 --threads=18 --sync=m
18	110
18	112
18	105
18	111
18	109
18	110
18	106
18	113
18	106
18	113
18	109
./lab2a --iterations=10000 --threads=20 --sync=m
20	108
20	111
20	109
20	109
20	111
20	110
20	106
20	110
20	111
20	110
20	106
./lab2a --iterations=10000 --threads=22 --sync=m
22	110
22	112
22	109
22	113
22	112
22	109
22	112
22	110
22	111
22	111
22	107
./lab2a --iterations=10000 --threads=24 --sync=m
24	110
24	105
24	109
24	111
24	109
24	111
24	108
24	112
24	108
24	112
24	110
./lab2a --iterations=10000 --threads=26 --sync=m
26	111
26	109
26	112
26	111
26	105
26	110
26	111
26	109
26	108
26	110
26	111
./lab2a --iterations=10000 --threads=28 --sync=m
28	110
28	107
28	109
28	111
28	112
28	109
28	108
28	109
28	107
28	108
28	109
./lab2a --iterations=10000 --threads=30 --sync=m
30	109
30	110
30	110
30	109
30	112
30	107
30	108
30	109
30	110
30	107
30	107
./lab2a --iterations=10000 --threads=32 --sync=m
32	109
32	110
32	108
32	113
32	113
32	111
32	109
32	108
32	111
32	110
32	111



./lab2a --iterations=10000 --threads=1 --sync=s
1	16
1	16
1	16
1	17
1	15
1	16
1	16
1	16
1	17
1	16
1	16
./lab2a --iterations=10000 --threads=2 --sync=s
2	79
2	99
2	70
2	65
2	95
2	78
2	39
2	70
2	39
2	73
2	84
./lab2a --iterations=10000 --threads=4 --sync=s
4	191
4	167
4	173
4	202
4	209
4	197
4	194
4	163
4	213
4	201
4	179
./lab2a --iterations=10000 --threads=6 --sync=s
6	254
6	250
6	246
6	279
6	295
6	253
6	274
6	268
6	264
6	275
6	251
./lab2a --iterations=10000 --threads=8 --sync=s
8	288
8	285
8	329
8	380
8	280
8	287
8	323
8	346
8	324
8	319
8	284
./lab2a --iterations=10000 --threads=10 --sync=s
10	409
10	384
10	408
10	358
10	407
10	360
10	413
10	390
10	415
10	349
10	404
./lab2a --iterations=10000 --threads=12 --sync=s
12	502
12	438
12	439
12	466
12	446
12	443
12	442
12	457
12	501
12	443
12	469
./lab2a --iterations=10000 --threads=14 --sync=s
14	533
14	532
14	522
14	502
14	578
14	536
14	502
14	509
14	584
14	525
14	538
./lab2a --iterations=10000 --threads=16 --sync=s
16	551
16	575
16	628
16	623
16	559
16	582
16	535
16	558
16	577
16	576
16	539
./lab2a --iterations=10000 --threads=18 --sync=s
18	641
18	634
18	643
18	698
18	627
18	633
18	696
18	556
18	633
18	774
18	635
./lab2a --iterations=10000 --threads=20 --sync=s
20	748
20	660
20	760
20	714
20	769
20	726
20	691
20	705
20	758
20	773
20	651
./lab2a --iterations=10000 --threads=22 --sync=s
22	873
22	926
22	748
22	799
22	766
22	925
22	804
22	958
22	828
22	863
22	736
./lab2a --iterations=10000 --threads=24 --sync=s
24	1076
24	993
24	774
24	803
24	1019
24	789
24	981
24	984
24	957
24	958
24	997
./lab2a --iterations=10000 --threads=26 --sync=s
26	1083
26	864
26	1129
26	1061
26	1064
26	911
26	869
26	1013
26	1098
26	1085
26	866
./lab2a --iterations=10000 --threads=28 --sync=s
28	1129
28	1317
28	1041
28	1177
28	1195
28	1075
28	1121
28	1072
28	1069
28	1299
28	1204
./lab2a --iterations=10000 --threads=30 --sync=s
30	1109
30	1302
30	1256
30	1278
30	1163
30	1318
30	1087
30	1195
30	1277
30	1192
30	1111
./lab2a --iterations=10000 --threads=32 --sync=s
32	1334
32	1344
32	1450
32	1373
32	1631
32	1248
32	1348
32	1279
32	1300
32	1354
32	1260



./lab2a --iterations=10000 --threads=1 --sync=c
1	27
1	26
1	26
1	26
1	26
1	28
1	25
1	24
1	25
1	25
1	26
./lab2a --iterations=10000 --threads=2 --sync=c
2	56
2	48
2	47
2	42
2	47
2	42
2	51
2	48
2	50
2	52
2	54
./lab2a --iterations=10000 --threads=4 --sync=c
4	82
4	83
4	87
4	83
4	91
4	79
4	88
4	83
4	90
4	85
4	71
./lab2a --iterations=10000 --threads=6 --sync=c
6	105
6	97
6	96
6	97
6	96
6	95
6	99
6	104
6	93
6	120
6	112
./lab2a --iterations=10000 --threads=8 --sync=c
8	126
8	131
8	128
8	122
8	133
8	96
8	99
8	95
8	99
8	99
8	105
./lab2a --iterations=10000 --threads=10 --sync=c
10	102
10	103
10	105
10	104
10	115
10	93
10	99
10	106
10	94
10	94
10	101
./lab2a --iterations=10000 --threads=12 --sync=c
12	104
12	108
12	98
12	106
12	104
12	95
12	107
12	106
12	103
12	95
12	107
./lab2a --iterations=10000 --threads=14 --sync=c
14	103
14	111
14	101
14	103
14	98
14	111
14	113
14	103
14	109
14	110
14	98
./lab2a --iterations=10000 --threads=16 --sync=c
16	110
16	117
16	103
16	118
16	114
16	118
16	118
16	101
16	115
16	117
16	115
./lab2a --iterations=10000 --threads=18 --sync=c
18	106
18	106
18	106
18	120
18	112
18	110
18	114
18	122
18	113
18	105
18	120
./lab2a --iterations=10000 --threads=20 --sync=c
20	111
20	125
20	116
20	126
20	116
20	115
20	124
20	115
20	121
20	128
20	126
./lab2a --iterations=10000 --threads=22 --sync=c
22	136
22	117
22	134
22	125
22	124
22	137
22	116
22	117
22	112
22	136
22	116
./lab2a --iterations=10000 --threads=24 --sync=c
24	133
24	122
24	131
24	139
24	133
24	136
24	143
24	124
24	142
24	131
24	144
./lab2a --iterations=10000 --threads=26 --sync=c
26	135
26	147
26	128
26	147
26	147
26	137
26	123
26	133
26	131
26	147
26	120
./lab2a --iterations=10000 --threads=28 --sync=c
28	158
28	162
28	137
28	159
28	141
28	158
28	138
28	141
28	144
28	155
28	155
./lab2a --iterations=10000 --threads=30 --sync=c
30	162
30	171
30	160
30	151
30	306
30	326
30	271
30	228
30	157
30	146
30	146
./lab2a --iterations=10000 --threads=32 --sync=c
32	163
32	163
32	154
32	155
32	154
32	142
32	164
32	161
32	165
32	163
32	160
